 0 0 60
  0.000000D+00  7.500000D+00
  1.000000D-03  7.500000D+00
  2.000000D-03  7.100000D+00
  3.000000D-03  6.700000D+00
  5.000000D-03  6.100000D+00
  7.000000D-03  5.400000D+00
  8.500000D-03  5.050000D+00
  1.000000D-02  4.600000D+00
  1.500000D-02  3.750000D+00
  2.000000D-02  3.250000D+00
  3.000000D-02  2.500000D+00
  4.000000D-02  2.050000D+00
  5.000000D-02  1.730000D+00
  7.000000D-02  1.130000D+00
  1.000000D-01  5.900000D-01
  1.200000D-01  4.000000D-01
  1.500000D-01  2.300000D-01
  1.700000D-01  1.600000D-01
  2.000000D-01  1.030000D-01
  2.500000D-01  9.100000D-02
  3.000000D-01  1.530000D-01
  3.500000D-01  2.350000D-01
  4.000000D-01  3.300000D-01
  5.000000D-01  5.100000D-01
  7.000000D-01  8.600000D-01
  1.000000D+00  1.380000D+00
  1.200000D+00  1.660000D+00
  1.300000D+00  1.820000D+00
  1.500000D+00  2.100000D+00
  1.700000D+00  2.300000D+00
  1.900000D+00  2.500000D+00
  2.100000D+00  2.800000D+00
  2.200000D+00  2.900000D+00
  2.500000D+00  3.300000D+00
  2.800000D+00  3.800000D+00
  3.000000D+00  4.100000D+00
  3.300000D+00  4.500000D+00
  3.600000D+00  4.900000D+00
  4.000000D+00  5.400000D+00
  4.500000D+00  6.100000D+00
  5.000000D+00  6.700000D+00
  6.000000D+00  8.100000D+00
  7.000000D+00  9.600000D+00
  8.000000D+00  1.170000D+01
  1.000000D+01  1.500000D+01
  1.200000D+01  1.450000D+01
  1.500000D+01  1.370000D+01
  1.700000D+01  1.100000D+01
  2.000000D+01  9.200000D+00
  2.500000D+01  6.800000D+00
  3.000000D+01  5.500000D+00
  5.000000D+01  3.200000D+00
  7.500000D+01  2.150000D+00
  1.000000D+02  1.600000D+00
  1.500000D+02  1.100000D+00
  2.000000D+02  8.800000D-01
  3.000000D+02  6.000000D-01
  5.000000D+02  3.700000D-01
  7.000000D+02  2.600000D-01
  1.000000D+03  1.700000D-01
 
 0 1 27
  1.154800D+01  0.000000D+00
  1.300000D+01  3.237651D-02
  1.400000D+01  6.696381D-02
  1.500000D+01  8.379833D-02
  1.600000D+01  8.465143D-02
  1.700000D+01  7.921512D-02
  1.800000D+01  7.239988D-02
  1.900000D+01  6.652126D-02
  2.000000D+01  6.126511D-02
  2.100000D+01  5.627307D-02
  2.200000D+01  5.148532D-02
  2.300000D+01  4.691839D-02
  2.400000D+01  4.258879D-02
  2.500000D+01  3.851303D-02
  3.000000D+01  2.211297D-02
  3.500000D+01  1.188919D-02
  4.000000D+01  6.437844D-03
  4.500000D+01  4.149204D-03
  5.000000D+01  3.413557D-03
  8.000000D+01  6.591940D-04
  9.000000D+01  4.532050D-04
  1.000000D+02  3.453060D-04
  2.000000D+02  1.021530D-04
  3.000000D+02  5.995260D-05
  4.000000D+02  4.243090D-05
  5.000000D+02  3.283760D-05
  1.000000D+03  1.542300D-05
 
 0 2 27
  1.162300D+01  0.000000D+00
  1.300000D+01  1.912001D-02
  1.400000D+01  3.728471D-02
  1.500000D+01  4.208985D-02
  1.600000D+01  4.276331D-02
  1.700000D+01  4.271554D-02
  1.800000D+01  4.219654D-02
  1.900000D+01  4.140567D-02
  2.000000D+01  4.049165D-02
  2.100000D+01  3.957714D-02
  2.200000D+01  3.868779D-02
  2.300000D+01  3.782461D-02
  2.400000D+01  3.698862D-02
  2.500000D+01  3.618082D-02
  3.000000D+01  3.260000D-02
  3.500000D+01  2.982574D-02
  4.000000D+01  2.773622D-02
  4.500000D+01  2.616002D-02
  5.000000D+01  2.492574D-02
  8.000000D+01  2.061000D-02
  9.000000D+01  1.963000D-02
  1.000000D+02  1.872000D-02
  2.000000D+02  1.283000D-02
  3.000000D+02  9.905000D-03
  4.000000D+02  8.150000D-03
  5.000000D+02  6.965000D-03
  1.000000D+03  4.180000D-03
 
 0 3 27
  1.172300D+01  0.000000D+00
  1.300000D+01  2.383485D-03
  1.400000D+01  7.000000D-03
  1.500000D+01  1.248946D-02
  1.600000D+01  1.525432D-02
  1.700000D+01  1.542259D-02
  1.800000D+01  1.424236D-02
  1.900000D+01  1.254325D-02
  2.000000D+01  1.073286D-02
  2.100000D+01  9.132054D-03
  2.200000D+01  7.785033D-03
  2.300000D+01  6.665677D-03
  2.400000D+01  5.747864D-03
  2.500000D+01  5.005477D-03
  3.000000D+01  3.010785D-03
  3.500000D+01  2.009508D-03
  4.000000D+01  1.367266D-03
  4.500000D+01  9.765876D-04
  5.000000D+01  7.300000D-04
  8.000000D+01  6.667710D-05
  9.000000D+01  4.286470D-05
  1.000000D+02  3.158510D-05
  2.000000D+02  8.699060D-06
  3.000000D+02  5.044980D-06
  4.000000D+02  3.553080D-06
  5.000000D+02  2.742410D-06
  1.000000D+03  1.281830D-06
 
 0 4 27
  1.182800D+01  0.000000D+00
  1.300000D+01  1.462692D-02
  1.400000D+01  3.850000D-02
  1.500000D+01  5.953570D-02
  1.600000D+01  7.522780D-02
  1.700000D+01  8.611805D-02
  1.800000D+01  9.291095D-02
  1.900000D+01  9.663965D-02
  2.000000D+01  9.866815D-02
  2.100000D+01  1.001533D-01
  2.200000D+01  1.013488D-01
  2.300000D+01  1.022794D-01
  2.400000D+01  1.029694D-01
  2.500000D+01  1.034436D-01
  3.000000D+01  1.034341D-01
  3.500000D+01  1.012873D-01
  4.000000D+01  9.796910D-02
  4.500000D+01  9.402495D-02
  5.000000D+01  9.000000D-02
  8.000000D+01  7.363500D-02
  9.000000D+01  6.969500D-02
  1.000000D+02  6.614000D-02
  2.000000D+02  4.431000D-02
  3.000000D+02  3.392500D-02
  4.000000D+02  2.778000D-02
  5.000000D+02  2.367500D-02
  1.000000D+03  1.409500D-02
 
 0 5 26
  1.290700D+01  0.000000D+00
  1.400000D+01  3.735290D-03
  1.500000D+01  1.175278D-02
  1.600000D+01  2.152399D-02
  1.700000D+01  3.064930D-02
  1.800000D+01  3.799034D-02
  1.900000D+01  4.366548D-02
  2.000000D+01  4.784773D-02
  2.100000D+01  5.071008D-02
  2.200000D+01  5.242554D-02
  2.300000D+01  5.316713D-02
  2.400000D+01  5.310782D-02
  2.500000D+01  5.242051D-02
  3.000000D+01  4.337958D-02
  3.500000D+01  3.173874D-02
  4.000000D+01  2.347116D-02
  4.500000D+01  1.850583D-02
  5.000000D+01  1.443098D-02
  8.000000D+01  7.260000D-03
  9.000000D+01  6.570000D-03
  1.000000D+02  6.010000D-03
  2.000000D+02  3.200000D-03
  3.000000D+02  2.180000D-03
  4.000000D+02  1.650000D-03
  5.000000D+02  1.330000D-03
  1.000000D+03  6.733630D-04
 
 0 6 26
  1.307600D+01  0.000000D+00
  1.400000D+01  2.000567D-03
  1.500000D+01  5.374095D-03
  1.600000D+01  1.088792D-02
  1.700000D+01  2.714184D-02
  1.800000D+01  4.799858D-02
  1.900000D+01  5.200199D-02
  2.000000D+01  4.932387D-02
  2.100000D+01  4.573903D-02
  2.200000D+01  4.224374D-02
  2.300000D+01  3.898976D-02
  2.400000D+01  3.607922D-02
  2.500000D+01  3.346691D-02
  3.000000D+01  2.235568D-02
  3.500000D+01  1.283387D-02
  4.000000D+01  8.443099D-03
  4.500000D+01  6.991201D-03
  5.000000D+01  6.442104D-03
  8.000000D+01  5.090000D-03
  9.000000D+01  4.780000D-03
  1.000000D+02  4.500000D-03
  2.000000D+02  2.670000D-03
  3.000000D+02  1.880000D-03
  4.000000D+02  1.440000D-03
  5.000000D+02  1.170000D-03
  1.000000D+03  6.041330D-04
 
 0 7 26
  1.309500D+01  0.000000D+00
  1.400000D+01  7.659355D-03
  1.500000D+01  2.031569D-02
  1.600000D+01  2.836340D-02
  1.700000D+01  3.514590D-02
  1.800000D+01  4.222786D-02
  1.900000D+01  4.880935D-02
  2.000000D+01  5.347821D-02
  2.100000D+01  5.419829D-02
  2.200000D+01  5.174940D-02
  2.300000D+01  4.900214D-02
  2.400000D+01  4.631847D-02
  2.500000D+01  4.392787D-02
  3.000000D+01  3.721907D-02
  3.500000D+01  3.309747D-02
  4.000000D+01  3.014266D-02
  4.500000D+01  2.812043D-02
  5.000000D+01  2.675667D-02
  8.000000D+01  2.273000D-02
  9.000000D+01  2.202000D-02
  1.000000D+02  2.113000D-02
  2.000000D+02  1.351000D-02
  3.000000D+02  9.660000D-03
  4.000000D+02  7.490000D-03
  5.000000D+02  6.110000D-03
  1.000000D+03  3.180000D-03
 
 0 8 26
  1.315300D+01  0.000000D+00
  1.400000D+01  7.011125D-04
  1.500000D+01  4.559997D-03
  1.600000D+01  1.106503D-02
  1.700000D+01  1.802820D-02
  1.800000D+01  2.368347D-02
  1.900000D+01  2.668878D-02
  2.000000D+01  2.737786D-02
  2.100000D+01  2.702668D-02
  2.200000D+01  2.625962D-02
  2.300000D+01  2.518963D-02
  2.400000D+01  2.391651D-02
  2.500000D+01  2.254007D-02
  3.000000D+01  1.682388D-02
  3.500000D+01  1.391633D-02
  4.000000D+01  1.275739D-02
  4.500000D+01  1.224269D-02
  5.000000D+01  1.179024D-02
  8.000000D+01  1.073000D-02
  9.000000D+01  1.032000D-02
  1.000000D+02  9.850000D-03
  2.000000D+02  6.190000D-03
  3.000000D+02  4.410000D-03
  4.000000D+02  3.410000D-03
  5.000000D+02  2.780000D-03
  1.000000D+03  1.440000D-03
 
 0 9 26
  1.317200D+01  0.000000D+00
  1.400000D+01  7.120779D-04
  1.500000D+01  4.727955D-03
  1.600000D+01  1.206962D-02
  1.700000D+01  1.976543D-02
  1.800000D+01  2.582944D-02
  1.900000D+01  3.028532D-02
  2.000000D+01  3.335138D-02
  2.100000D+01  3.524594D-02
  2.200000D+01  3.618731D-02
  2.300000D+01  3.639379D-02
  2.400000D+01  3.605964D-02
  2.500000D+01  3.530776D-02
  3.000000D+01  2.911001D-02
  3.500000D+01  2.466740D-02
  4.000000D+01  2.130092D-02
  4.500000D+01  1.887194D-02
  5.000000D+01  1.759817D-02
  8.000000D+01  1.546000D-02
  9.000000D+01  1.482000D-02
  1.000000D+02  1.412000D-02
  2.000000D+02  8.810000D-03
  3.000000D+02  6.260000D-03
  4.000000D+02  4.840000D-03
  5.000000D+02  3.940000D-03
  1.000000D+03  2.040000D-03
 
 0 10 26
  1.327300D+01  0.000000D+00
  1.400000D+01  2.007521D-03
  1.500000D+01  7.010377D-03
  1.600000D+01  1.086723D-02
  1.700000D+01  1.455631D-02
  1.800000D+01  1.754474D-02
  1.900000D+01  1.770719D-02
  2.000000D+01  1.726327D-02
  2.100000D+01  1.685565D-02
  2.200000D+01  1.654052D-02
  2.300000D+01  1.630233D-02
  2.400000D+01  1.612555D-02
  2.500000D+01  1.599465D-02
  3.000000D+01  1.554982D-02
  3.500000D+01  1.510887D-02
  4.000000D+01  1.470762D-02
  4.500000D+01  1.436964D-02
  5.000000D+01  1.408157D-02
  8.000000D+01  1.274000D-02
  9.000000D+01  1.223000D-02
  1.000000D+02  1.166000D-02
  2.000000D+02  7.290000D-03
  3.000000D+02  5.190000D-03
  4.000000D+02  4.010000D-03
  5.000000D+02  3.270000D-03
  1.000000D+03  1.690000D-03
 
 0 11 26
  1.328300D+01  0.000000D+00
  1.400000D+01  6.743806D-04
  1.500000D+01  2.412584D-03
  1.600000D+01  4.734533D-03
  1.700000D+01  1.005745D-02
  1.800000D+01  1.821636D-02
  1.900000D+01  2.543583D-02
  2.000000D+01  2.880844D-02
  2.100000D+01  2.801072D-02
  2.200000D+01  2.525733D-02
  2.300000D+01  2.247042D-02
  2.400000D+01  2.087227D-02
  2.500000D+01  2.000220D-02
  3.000000D+01  1.589498D-02
  3.500000D+01  1.221933D-02
  4.000000D+01  1.000000D-02
  4.500000D+01  9.271264D-03
  5.000000D+01  9.094276D-03
  8.000000D+01  8.130000D-03
  9.000000D+01  7.710000D-03
  1.000000D+02  7.280000D-03
  2.000000D+02  4.420000D-03
  3.000000D+02  3.120000D-03
  4.000000D+02  2.410000D-03
  5.000000D+02  1.960000D-03
  1.000000D+03  1.010000D-03
 
 0 12 26
  1.330200D+01  0.000000D+00
  1.400000D+01  6.929125D-04
  1.500000D+01  2.940277D-03
  1.600000D+01  6.582657D-03
  1.700000D+01  1.403783D-02
  1.800000D+01  2.447536D-02
  1.900000D+01  3.125502D-02
  2.000000D+01  3.215238D-02
  2.100000D+01  3.216043D-02
  2.200000D+01  3.215024D-02
  2.300000D+01  3.176558D-02
  2.400000D+01  3.081174D-02
  2.500000D+01  2.958000D-02
  3.000000D+01  2.436789D-02
  3.500000D+01  2.041357D-02
  4.000000D+01  1.750490D-02
  4.500000D+01  1.556310D-02
  5.000000D+01  1.437723D-02
  8.000000D+01  1.113000D-02
  9.000000D+01  1.030000D-02
  1.000000D+02  9.570000D-03
  2.000000D+02  5.440000D-03
  3.000000D+02  3.780000D-03
  4.000000D+02  2.890000D-03
  5.000000D+02  2.340000D-03
  1.000000D+03  1.200000D-03
 
 0 13 26
  1.332800D+01  0.000000D+00
  1.400000D+01  3.978971D-04
  1.500000D+01  2.104246D-03
  1.600000D+01  4.562633D-03
  1.700000D+01  7.258722D-03
  1.800000D+01  1.006862D-02
  1.900000D+01  1.332168D-02
  2.000000D+01  1.529849D-02
  2.100000D+01  1.560001D-02
  2.200000D+01  1.538275D-02
  2.300000D+01  1.489428D-02
  2.400000D+01  1.425867D-02
  2.500000D+01  1.360000D-02
  3.000000D+01  1.147234D-02
  3.500000D+01  1.028139D-02
  4.000000D+01  9.008108D-03
  4.500000D+01  8.102393D-03
  5.000000D+01  7.562805D-03
  8.000000D+01  6.840000D-03
  9.000000D+01  6.680000D-03
  1.000000D+02  6.440000D-03
  2.000000D+02  4.190000D-03
  3.000000D+02  3.010000D-03
  4.000000D+02  2.340000D-03
  5.000000D+02  1.910000D-03
  1.000000D+03  9.933210D-04
 
 0 14 26
  1.348000D+01  0.000000D+00
  1.400000D+01  1.604090D-03
  1.500000D+01  7.272488D-03
  1.600000D+01  1.474013D-02
  1.700000D+01  2.510633D-02
  1.800000D+01  3.876606D-02
  1.900000D+01  5.059534D-02
  2.000000D+01  4.889453D-02
  2.100000D+01  4.718934D-02
  2.200000D+01  4.625462D-02
  2.300000D+01  4.551927D-02
  2.400000D+01  4.480999D-02
  2.500000D+01  4.406055D-02
  3.000000D+01  3.914478D-02
  3.500000D+01  3.466530D-02
  4.000000D+01  3.252133D-02
  4.500000D+01  3.197993D-02
  5.000000D+01  3.183589D-02
  8.000000D+01  2.800000D-02
  9.000000D+01  2.623000D-02
  1.000000D+02  2.458000D-02
  2.000000D+02  1.447000D-02
  3.000000D+02  1.014000D-02
  4.000000D+02  7.790000D-03
  5.000000D+02  6.320000D-03
  1.000000D+03  3.250000D-03
 
 0 15 22
  1.384000D+01  0.000000D+00
  1.400000D+01  3.000000D-03
  1.500000D+01  2.050000D-02
  1.600000D+01  3.800000D-02
  1.800000D+01  6.000000D-02
  1.900000D+01  6.500000D-02
  2.000000D+01  6.600000D-02
  2.200000D+01  6.400000D-02
  2.500000D+01  5.600000D-02
  3.000000D+01  3.900000D-02
  3.500000D+01  2.650000D-02
  4.000000D+01  1.930000D-02
  5.000000D+01  1.150000D-02
  6.000000D+01  7.500000D-03
  8.000000D+01  3.850000D-03
  1.000000D+02  2.250000D-03
  1.500000D+02  8.900000D-04
  2.000000D+02  4.500000D-04
  3.000000D+02  1.750000D-04
  3.800000D+02  1.000000D-04
  5.000000D+02  0.000000D+00
  1.000000D+03  0.000000D+00
 
 0 16 22
  1.390000D+01  0.000000D+00
  1.400000D+01  1.500000D-03
  1.500000D+01  1.600000D-02
  1.600000D+01  3.000000D-02
  1.800000D+01  4.750000D-02
  1.900000D+01  5.100000D-02
  2.000000D+01  5.240000D-02
  2.200000D+01  5.200000D-02
  2.500000D+01  4.750000D-02
  3.000000D+01  3.600000D-02
  3.500000D+01  2.450000D-02
  4.000000D+01  1.760000D-02
  5.000000D+01  1.000000D-02
  6.000000D+01  6.400000D-03
  8.000000D+01  3.100000D-03
  1.000000D+02  1.770000D-03
  1.500000D+02  6.500000D-04
  2.000000D+02  3.150000D-04
  3.000000D+02  1.130000D-04
  3.150000D+02  1.000000D-04
  5.000000D+02  0.000000D+00
  1.000000D+03  0.000000D+00
 
 0 17 22
  1.398000D+01  0.000000D+00
  1.400000D+01  8.000000D-04
  1.500000D+01  1.400000D-02
  1.600000D+01  2.750000D-02
  1.800000D+01  4.700000D-02
  1.900000D+01  5.000000D-02
  2.000000D+01  5.080000D-02
  2.200000D+01  4.900000D-02
  2.500000D+01  4.200000D-02
  3.000000D+01  2.800000D-02
  3.500000D+01  1.850000D-02
  4.000000D+01  1.290000D-02
  5.000000D+01  7.000000D-03
  6.000000D+01  4.300000D-03
  8.000000D+01  1.970000D-03
  1.000000D+02  1.100000D-03
  1.500000D+02  3.700000D-04
  2.000000D+02  1.700000D-04
  2.420000D+02  1.000000D-04
  3.000000D+02  0.000000D+00
  5.000000D+02  0.000000D+00
  1.000000D+03  0.000000D+00
 
 0 18 22
  1.401000D+01  0.000000D+00
  1.500000D+01  8.300000D-03
  1.600000D+01  1.430000D-02
  1.800000D+01  2.030000D-02
  1.900000D+01  2.130000D-02
  2.000000D+01  2.160000D-02
  2.200000D+01  2.140000D-02
  2.500000D+01  2.030000D-02
  3.000000D+01  1.680000D-02
  3.500000D+01  1.300000D-02
  4.000000D+01  1.050000D-02
  5.000000D+01  7.200000D-03
  6.000000D+01  5.400000D-03
  8.000000D+01  3.340000D-03
  1.000000D+02  2.300000D-03
  1.500000D+02  1.180000D-03
  2.000000D+02  7.300000D-04
  3.000000D+02  3.750000D-04
  5.000000D+02  1.600000D-04
  6.600000D+02  1.000000D-04
  8.000000D+02  0.000000D+00
  1.000000D+03  0.000000D+00
 
 0 19 24
  1.406000D+01  0.000000D+00
  1.500000D+01  1.050000D-02
  1.600000D+01  2.200000D-02
  1.700000D+01  2.830000D-02
  1.800000D+01  3.150000D-02
  1.900000D+01  3.280000D-02
  2.000000D+01  3.320000D-02
  2.100000D+01  3.260000D-02
  2.200000D+01  3.150000D-02
  2.500000D+01  2.600000D-02
  3.000000D+01  1.930000D-02
  3.500000D+01  1.520000D-02
  4.000000D+01  1.230000D-02
  5.000000D+01  8.600000D-03
  6.000000D+01  6.400000D-03
  8.000000D+01  4.050000D-03
  1.000000D+02  2.800000D-03
  1.500000D+02  1.460000D-03
  2.000000D+02  9.100000D-04
  3.000000D+02  4.750000D-04
  5.000000D+02  2.050000D-04
  7.800000D+02  1.000000D-04
  8.000000D+02  0.000000D+00
  1.000000D+03  0.000000D+00
 
 0 20 20
  1.409000D+01  0.000000D+00
  1.500000D+01  2.200000D-03
  1.600000D+01  5.000000D-03
  1.800000D+01  9.500000D-03
  2.000000D+01  1.230000D-02
  2.200000D+01  1.420000D-02
  2.500000D+01  1.640000D-02
  3.000000D+01  1.910000D-02
  3.500000D+01  2.080000D-02
  4.000000D+01  2.220000D-02
  5.000000D+01  2.390000D-02
  6.000000D+01  2.450000D-02
  8.000000D+01  2.430000D-02
  1.000000D+02  2.300000D-02
  1.500000D+02  2.000000D-02
  2.000000D+02  1.750000D-02
  3.000000D+02  1.400000D-02
  5.000000D+02  1.020000D-02
  8.000000D+02  7.500000D-03
  1.000000D+03  6.400000D-03
 
 0 21 20
  1.415000D+01  0.000000D+00
  1.500000D+01  4.000000D-03
  1.600000D+01  9.000000D-03
  1.800000D+01  1.750000D-02
  2.000000D+01  2.300000D-02
  2.200000D+01  2.700000D-02
  2.500000D+01  3.150000D-02
  3.000000D+01  3.620000D-02
  3.500000D+01  4.000000D-02
  4.000000D+01  4.250000D-02
  5.000000D+01  4.550000D-02
  6.000000D+01  4.600000D-02
  8.000000D+01  4.500000D-02
  1.000000D+02  4.300000D-02
  1.500000D+02  3.670000D-02
  2.000000D+02  3.160000D-02
  3.000000D+02  2.500000D-02
  5.000000D+02  1.800000D-02
  8.000000D+02  1.300000D-02
  1.000000D+03  1.100000D-02
 
 0 22 22
  1.421000D+01  0.000000D+00
  1.500000D+01  4.500000D-03
  1.600000D+01  1.100000D-02
  1.800000D+01  2.100000D-02
  1.900000D+01  2.350000D-02
  2.000000D+01  2.480000D-02
  2.100000D+01  2.500000D-02
  2.200000D+01  2.470000D-02
  2.500000D+01  2.250000D-02
  3.000000D+01  1.700000D-02
  3.500000D+01  1.220000D-02
  4.000000D+01  9.400000D-03
  5.000000D+01  5.950000D-03
  6.000000D+01  4.150000D-03
  8.000000D+01  2.330000D-03
  1.000000D+02  1.480000D-03
  1.500000D+02  6.600000D-04
  2.000000D+02  3.700000D-04
  3.000000D+02  1.630000D-04
  3.850000D+02  1.000000D-04
  5.000000D+02  0.000000D+00
  1.000000D+03  0.000000D+00
 
 0 23 21
  1.423000D+01  0.000000D+00
  1.500000D+01  4.000000D-03
  1.600000D+01  9.600000D-03
  1.800000D+01  1.900000D-02
  1.900000D+01  2.280000D-02
  2.000000D+01  2.550000D-02
  2.200000D+01  2.850000D-02
  2.500000D+01  3.100000D-02
  3.000000D+01  3.100000D-02
  3.500000D+01  2.900000D-02
  4.000000D+01  2.650000D-02
  5.000000D+01  2.150000D-02
  6.000000D+01  1.800000D-02
  8.000000D+01  1.380000D-02
  1.000000D+02  1.100000D-02
  1.500000D+02  7.600000D-03
  2.000000D+02  5.800000D-03
  3.000000D+02  3.950000D-03
  5.000000D+02  2.420000D-03
  8.000000D+02  1.570000D-03
  1.000000D+03  1.270000D-03
 
 0 24 20
  1.430000D+01  0.000000D+00
  1.500000D+01  3.200000D-03
  1.600000D+01  7.300000D-03
  1.800000D+01  1.450000D-02
  2.000000D+01  1.990000D-02
  2.200000D+01  2.400000D-02
  2.500000D+01  2.900000D-02
  3.000000D+01  3.550000D-02
  3.500000D+01  4.050000D-02
  4.000000D+01  4.400000D-02
  5.000000D+01  4.800000D-02
  6.000000D+01  4.950000D-02
  8.000000D+01  4.950000D-02
  1.000000D+02  4.770000D-02
  1.500000D+02  3.950000D-02
  2.000000D+02  3.300000D-02
  3.000000D+02  2.600000D-02
  5.000000D+02  1.920000D-02
  8.000000D+02  1.470000D-02
  1.000000D+03  1.290000D-02
 
 0 25 25
  1.446400D+01  0.000000D+00
  1.500000D+01  1.542955D-03
  1.600000D+01  6.241710D-03
  1.700000D+01  9.519665D-03
  1.800000D+01  1.156745D-02
  1.900000D+01  1.264901D-02
  2.000000D+01  1.302825D-02
  2.100000D+01  1.296910D-02
  2.200000D+01  1.269545D-02
  2.300000D+01  1.227100D-02
  2.400000D+01  1.171941D-02
  2.500000D+01  1.106432D-02
  3.000000D+01  7.064605D-03
  3.500000D+01  3.975916D-03
  4.000000D+01  2.801550D-03
  4.500000D+01  2.236369D-03
  5.000000D+01  1.810561D-03
  8.000000D+01  1.100000D-03
  9.000000D+01  1.050000D-03
  1.000000D+02  9.988360D-04
  2.000000D+02  6.149010D-04
  3.000000D+02  4.356610D-04
  4.000000D+02  3.364290D-04
  5.000000D+02  2.738140D-04
  1.000000D+03  1.416640D-04
 
 0 26 25
  1.449900D+01  0.000000D+00
  1.500000D+01  4.604365D-04
  1.600000D+01  3.662966D-03
  1.700000D+01  8.864803D-03
  1.800000D+01  1.481446D-02
  1.900000D+01  2.026045D-02
  2.000000D+01  2.395129D-02
  2.100000D+01  2.489533D-02
  2.200000D+01  2.353784D-02
  2.300000D+01  2.081798D-02
  2.400000D+01  1.767540D-02
  2.500000D+01  1.493607D-02
  3.000000D+01  7.788128D-03
  3.500000D+01  4.943732D-03
  4.000000D+01  3.715308D-03
  4.500000D+01  3.274116D-03
  5.000000D+01  3.139457D-03
  8.000000D+01  2.340000D-03
  9.000000D+01  2.160000D-03
  1.000000D+02  2.000000D-03
  2.000000D+02  1.120000D-03
  3.000000D+02  7.756760D-04
  4.000000D+02  5.921500D-04
  5.000000D+02  4.787480D-04
  1.000000D+03  2.445490D-04
 
 0 27 25
  1.450600D+01  0.000000D+00
  1.500000D+01  4.356266D-03
  1.600000D+01  1.617289D-02
  1.700000D+01  2.351285D-02
  1.800000D+01  2.722938D-02
  1.900000D+01  2.819556D-02
  2.000000D+01  2.728445D-02
  2.100000D+01  2.536911D-02
  2.200000D+01  2.331147D-02
  2.300000D+01  2.158178D-02
  2.400000D+01  2.016404D-02
  2.500000D+01  1.901192D-02
  3.000000D+01  1.561933D-02
  3.500000D+01  1.342554D-02
  4.000000D+01  1.174852D-02
  4.500000D+01  1.044230D-02
  5.000000D+01  9.420061D-03
  8.000000D+01  7.100000D-03
  9.000000D+01  6.840000D-03
  1.000000D+02  6.540000D-03
  2.000000D+02  4.130000D-03
  3.000000D+02  2.940000D-03
  4.000000D+02  2.280000D-03
  5.000000D+02  1.860000D-03
  1.000000D+03  9.636250D-04
 
 0 28 25
  1.452500D+01  0.000000D+00
  1.500000D+01  1.853305D-04
  1.600000D+01  1.421391D-03
  1.700000D+01  3.045223D-03
  1.800000D+01  4.688188D-03
  1.900000D+01  6.247583D-03
  2.000000D+01  7.622235D-03
  2.100000D+01  8.710968D-03
  2.200000D+01  9.412610D-03
  2.300000D+01  9.640587D-03
  2.400000D+01  9.453620D-03
  2.500000D+01  8.993716D-03
  3.000000D+01  6.419587D-03
  3.500000D+01  5.025642D-03
  4.000000D+01  4.385464D-03
  4.500000D+01  4.061826D-03
  5.000000D+01  3.896977D-03
  8.000000D+01  3.560000D-03
  9.000000D+01  3.400000D-03
  1.000000D+02  3.230000D-03
  2.000000D+02  2.000000D-03
  3.000000D+02  1.420000D-03
  4.000000D+02  1.100000D-03
  5.000000D+02  8.917550D-04
  1.000000D+03  4.616250D-04
 
 0 29 25
  1.452900D+01  0.000000D+00
  1.500000D+01  4.656599D-04
  1.600000D+01  3.393915D-03
  1.700000D+01  6.447177D-03
  1.800000D+01  8.479170D-03
  1.900000D+01  9.971334D-03
  2.000000D+01  1.116933D-02
  2.100000D+01  1.203720D-02
  2.200000D+01  1.256928D-02
  2.300000D+01  1.280775D-02
  2.400000D+01  1.279736D-02
  2.500000D+01  1.258284D-02
  3.000000D+01  1.000200D-02
  3.500000D+01  7.425296D-03
  4.000000D+01  5.722985D-03
  4.500000D+01  4.905811D-03
  5.000000D+01  4.602711D-03
  8.000000D+01  3.940000D-03
  9.000000D+01  3.730000D-03
  1.000000D+02  3.520000D-03
  2.000000D+02  2.130000D-03
  3.000000D+02  1.500000D-03
  4.000000D+02  1.160000D-03
  5.000000D+02  9.417230D-04
  1.000000D+03  4.861520D-04
 
 0 30 25
  1.456400D+01  0.000000D+00
  1.500000D+01  1.979824D-05
  1.600000D+01  2.272483D-04
  1.700000D+01  6.898764D-04
  1.800000D+01  1.444005D-03
  1.900000D+01  2.525958D-03
  2.000000D+01  3.972056D-03
  2.100000D+01  5.796617D-03
  2.200000D+01  7.673807D-03
  2.300000D+01  9.031920D-03
  2.400000D+01  9.688381D-03
  2.500000D+01  9.807544D-03
  3.000000D+01  8.031849D-03
  3.500000D+01  7.484686D-03
  4.000000D+01  7.252241D-03
  4.500000D+01  7.049263D-03
  5.000000D+01  6.870139D-03
  8.000000D+01  5.940000D-03
  9.000000D+01  5.410000D-03
  1.000000D+02  4.960000D-03
  2.000000D+02  2.680000D-03
  3.000000D+02  1.830000D-03
  4.000000D+02  1.390000D-03
  5.000000D+02  1.120000D-03
  1.000000D+03  5.699810D-04
 
 0 31 25
  1.468100D+01  0.000000D+00
  1.500000D+01  1.150330D-03
  1.600000D+01  3.878034D-03
  1.700000D+01  5.777586D-03
  1.800000D+01  8.096198D-03
  1.900000D+01  9.494578D-03
  2.000000D+01  9.839737D-03
  2.100000D+01  9.851431D-03
  2.200000D+01  9.816305D-03
  2.300000D+01  9.665771D-03
  2.400000D+01  9.321662D-03
  2.500000D+01  8.712344D-03
  3.000000D+01  5.427662D-03
  3.500000D+01  3.981022D-03
  4.000000D+01  3.250255D-03
  4.500000D+01  2.774789D-03
  5.000000D+01  2.418667D-03
  8.000000D+01  1.680000D-03
  9.000000D+01  1.580000D-03
  1.000000D+02  1.480000D-03
  2.000000D+02  8.806050D-04
  3.000000D+02  6.182570D-04
  4.000000D+02  4.754380D-04
  5.000000D+02  3.860200D-04
  1.000000D+03  1.988000D-04
 
 0 32 25
  1.468700D+01  0.000000D+00
  1.500000D+01  5.285348D-05
  1.600000D+01  6.241178D-04
  1.700000D+01  2.721486D-03
  1.800000D+01  7.382389D-03
  1.900000D+01  7.484897D-03
  2.000000D+01  6.887614D-03
  2.100000D+01  6.200818D-03
  2.200000D+01  5.573776D-03
  2.300000D+01  5.063524D-03
  2.400000D+01  4.687623D-03
  2.500000D+01  4.424823D-03
  3.000000D+01  4.011106D-03
  3.500000D+01  3.838203D-03
  4.000000D+01  3.679859D-03
  4.500000D+01  3.535870D-03
  5.000000D+01  3.404180D-03
  8.000000D+01  2.780000D-03
  9.000000D+01  2.590000D-03
  1.000000D+02  2.420000D-03
  2.000000D+02  1.400000D-03
  3.000000D+02  9.757740D-04
  4.000000D+02  7.478860D-04
  5.000000D+02  6.060660D-04
  1.000000D+03  3.109770D-04
 
 0 33 25
  1.468800D+01  0.000000D+00
  1.500000D+01  2.735872D-04
  1.600000D+01  3.440066D-03
  1.700000D+01  6.516938D-03
  1.800000D+01  7.869299D-03
  1.900000D+01  8.446172D-03
  2.000000D+01  8.766062D-03
  2.100000D+01  8.843571D-03
  2.200000D+01  8.693541D-03
  2.300000D+01  8.355158D-03
  2.400000D+01  7.868918D-03
  2.500000D+01  7.275318D-03
  3.000000D+01  4.099756D-03
  3.500000D+01  2.461483D-03
  4.000000D+01  2.007606D-03
  4.500000D+01  1.976305D-03
  5.000000D+01  1.918489D-03
  8.000000D+01  1.430000D-03
  9.000000D+01  1.340000D-03
  1.000000D+02  1.250000D-03
  2.000000D+02  7.277800D-04
  3.000000D+02  5.080740D-04
  4.000000D+02  3.896790D-04
  5.000000D+02  3.159090D-04
  1.000000D+03  1.622180D-04
 
 0 34 25
  1.473800D+01  0.000000D+00
  1.500000D+01  1.652755D-04
  1.600000D+01  2.723469D-03
  1.700000D+01  5.413498D-03
  1.800000D+01  6.933798D-03
  1.900000D+01  7.662215D-03
  2.000000D+01  8.003230D-03
  2.100000D+01  8.276762D-03
  2.200000D+01  8.464472D-03
  2.300000D+01  8.468688D-03
  2.400000D+01  8.287434D-03
  2.500000D+01  8.002499D-03
  3.000000D+01  7.164520D-03
  3.500000D+01  6.846143D-03
  4.000000D+01  6.495267D-03
  4.500000D+01  6.192371D-03
  5.000000D+01  5.971318D-03
  8.000000D+01  5.160000D-03
  9.000000D+01  4.850000D-03
  1.000000D+02  4.560000D-03
  2.000000D+02  2.720000D-03
  3.000000D+02  1.910000D-03
  4.000000D+02  1.470000D-03
  5.000000D+02  1.190000D-03
  1.000000D+03  6.147250D-04
 
 0 35 25
  1.478000D+01  0.000000D+00
  1.500000D+01  5.218821D-04
  1.600000D+01  3.233615D-03
  1.700000D+01  6.256972D-03
  1.800000D+01  9.369428D-03
  1.900000D+01  1.243855D-02
  2.000000D+01  1.538761D-02
  2.100000D+01  1.817456D-02
  2.200000D+01  2.077905D-02
  2.300000D+01  2.319418D-02
  2.400000D+01  2.542135D-02
  2.500000D+01  2.746685D-02
  3.000000D+01  3.532295D-02
  3.500000D+01  4.018518D-02
  4.000000D+01  4.309664D-02
  4.500000D+01  4.474586D-02
  5.000000D+01  4.557077D-02
  8.000000D+01  4.370884D-02
  9.000000D+01  4.228437D-02
  1.000000D+02  4.081799D-02
  2.000000D+02  2.937922D-02
  3.000000D+02  2.298979D-02
  4.000000D+02  1.901955D-02
  5.000000D+02  1.630400D-02
  1.000000D+03  9.808172D-03
 
 0 36 25
  1.484200D+01  0.000000D+00
  1.500000D+01  6.019327D-05
  1.600000D+01  4.948030D-04
  1.700000D+01  9.828197D-04
  1.800000D+01  1.487199D-03
  1.900000D+01  1.985817D-03
  2.000000D+01  2.465793D-03
  2.100000D+01  2.920008D-03
  2.200000D+01  3.344952D-03
  2.300000D+01  3.739363D-03
  2.400000D+01  4.103365D-03
  2.500000D+01  4.437914D-03
  3.000000D+01  5.724992D-03
  3.500000D+01  6.523810D-03
  4.000000D+01  7.003704D-03
  4.500000D+01  7.276896D-03
  5.000000D+01  7.414913D-03
  8.000000D+01  7.122819D-03
  9.000000D+01  6.892436D-03
  1.000000D+02  6.654736D-03
  2.000000D+02  4.794012D-03
  3.000000D+02  3.752542D-03
  4.000000D+02  3.104999D-03
  5.000000D+02  2.661954D-03
  1.000000D+03  1.601764D-03
 
 0 37 25
  1.496700D+01  0.000000D+00
  1.500000D+01  4.452730D-05
  1.600000D+01  1.575874D-03
  1.700000D+01  3.321814D-03
  1.800000D+01  5.141263D-03
  1.900000D+01  6.949443D-03
  2.000000D+01  8.696497D-03
  2.100000D+01  1.035445D-02
  2.200000D+01  1.190904D-02
  2.300000D+01  1.335463D-02
  2.400000D+01  1.469093D-02
  2.500000D+01  1.592085D-02
  3.000000D+01  2.066881D-02
  3.500000D+01  2.363208D-02
  4.000000D+01  2.542376D-02
  4.500000D+01  2.645358D-02
  5.000000D+01  2.698378D-02
  8.000000D+01  2.600093D-02
  9.000000D+01  2.517284D-02
  1.000000D+02  2.431446D-02
  2.000000D+02  1.754683D-02
  3.000000D+02  1.374328D-02
  4.000000D+02  1.137544D-02
  5.000000D+02  9.754345D-03
  1.000000D+03  5.872263D-03
 
 0 38 28
  1.576000D+01  0.000000D+00
  1.600000D+01  2.024000D-02
  1.650000D+01  6.688000D-02
  1.700000D+01  1.337600D-01
  1.800000D+01  2.939200D-01
  1.900000D+01  4.602400D-01
  2.000000D+01  6.274400D-01
  2.200000D+01  9.328000D-01
  2.400000D+01  1.179200D+00
  2.600000D+01  1.408000D+00
  2.800000D+01  1.601600D+00
  3.000000D+01  1.804000D+00
  3.400000D+01  2.112000D+00
  4.000000D+01  2.393600D+00
  4.500000D+01  2.490400D+00
  5.000000D+01  2.534400D+00
  6.000000D+01  2.657600D+00
  7.000000D+01  2.772000D+00
  8.000000D+01  2.842400D+00
  9.000000D+01  2.860000D+00
  1.000000D+02  2.851200D+00
  1.500000D+02  2.684000D+00
  2.000000D+02  2.393600D+00
  2.500000D+02  2.173600D+00
  3.000000D+02  1.980000D+00
  4.000000D+02  1.680800D+00
  5.000000D+02  1.460800D+00
  1.000000D+03  9.152000D-01
 
